2.2000, 166.8800
2.1960, 166.6500
2.1920, 166.4200
2.1880, 166.2000
2.1841, 165.9900
2.1801, 165.7800
2.1771, 165.5700
2.1731, 165.3700
2.1691, 165.1800
2.1651, 164.9900
2.1611, 164.8100
2.1572, 164.6400
2.1532, 164.4700
2.1492, 164.3000
2.1452, 164.1500
2.1412, 163.9900
2.1382, 163.8500
2.1342, 163.7100
2.1303, 163.5700
2.1263, 163.4400
2.1223, 163.3200
2.1183, 163.2000
2.1143, 163.0900
2.1103, 162.9900
2.1063, 162.8900
2.1024, 162.7800
2.0984, 162.7300
2.0954, 162.6800
2.0914, 162.6500
2.0874, 162.6000
2.0834, 162.5500
2.0794, 162.5000
2.0755, 162.4500
2.0715, 162.4100
2.0675, 162.3100
2.0635, 162.1400
2.0595, 162.0000
2.0555, 161.8800
2.0525, 161.7800
2.0486, 161.7100
2.0446, 161.6500
2.0406, 161.6200
2.0366, 161.6200
2.0326, 161.6500
2.0286, 161.7000
2.0246, 161.7800
2.0207, 161.8700
2.0167, 161.9800
2.0137, 162.1000
2.0097, 162.2300
2.0057, 162.3700
2.0017, 162.5200
1.9977, 162.6800
1.9937, 162.8400
1.9898, 163.0100
1.9858, 163.2000
1.9818, 163.4000
1.9778, 163.6100
1.9738, 163.8200
1.9708, 164.0300
1.9668, 164.2400
1.9629, 164.4500
1.9589, 164.6700
1.9549, 164.9000
1.9509, 165.1200
1.9469, 165.3300
1.9429, 165.5400
1.9389, 165.7400
1.9350, 165.9400
1.9310, 166.1200
1.9280, 166.3000
1.9240, 166.4600
1.9200, 166.5800
1.9160, 166.6800
1.9120, 166.7600
1.9081, 166.8100
1.9041, 166.8300
1.9001, 166.8400
1.8961, 166.8100
1.8921, 166.7600
1.8891, 166.6900
1.8851, 166.5800
1.8812, 166.4500
1.8772, 166.2900
1.8732, 166.1600
1.8692, 166.1100
1.8652, 166.0600
1.8612, 166.0100
1.8572, 165.9600
1.8533, 165.9100
1.8493, 165.8600
1.8463, 165.8200
1.8423, 165.7800
1.8383, 165.7400
1.8343, 165.7000
1.8303, 165.6600
1.8264, 165.6200
1.8224, 165.5700
1.8184, 165.5300
1.8144, 165.5000
1.8104, 165.4700
1.8064, 165.4400
1.8034, 165.4000
1.7995, 165.3600
1.7955, 165.3200
1.7915, 165.2800
1.7875, 165.2400
1.7835, 165.2000
1.7795, 165.1600
1.7755, 165.1200
1.7716, 165.0900
1.7676, 165.0500
1.7646, 165.0300
1.7606, 165.0000
1.7566, 164.9700
1.7526, 164.9400
1.7486, 164.9100
1.7447, 164.8700
1.7407, 164.8400
1.7367, 164.8000
1.7327, 164.7700
1.7287, 164.7300
1.7247, 164.7000
1.7217, 164.6700
1.7178, 164.6400
1.7138, 164.6200
1.7098, 164.6000
1.7058, 164.5800
1.7018, 164.5600
1.6978, 164.5300
1.6938, 164.5100
1.6899, 164.4900
1.6859, 164.4700
1.6819, 164.4400
1.6789, 164.4100
1.6749, 164.3800
1.6709, 164.3400
1.6669, 164.3100
1.6630, 164.2700
1.6590, 164.2500
1.6550, 164.2200
1.6510, 164.2000
1.6470, 164.1800
1.6430, 164.1600
1.6400, 164.1300
1.6361, 164.1100
1.6321, 164.0900
1.6281, 164.0600
1.6241, 164.0300
1.6201, 164.0000
1.6161, 163.9700
1.6121, 163.9300
1.6082, 163.9000
1.6042, 163.8800
1.6002, 163.8600
1.5972, 163.8400
1.5932, 163.8100
1.5892, 163.7900
1.5852, 163.7700
1.5812, 163.7500
1.5773, 163.7300
1.5733, 163.7100
1.5693, 163.6900
1.5653, 163.6700
1.5613, 163.6400
1.5573, 163.6200
1.5543, 163.5900
1.5504, 163.5700
1.5464, 163.5500
1.5424, 163.5300
1.5384, 163.5100
1.5344, 163.4900
1.5304, 163.4700
1.5264, 163.4500
1.5225, 163.4300
1.5185, 163.4100
1.5155, 163.3900
1.5115, 163.3700
1.5075, 163.3500
1.5035, 163.3300
1.4995, 163.3100
1.4956, 163.2900
1.4916, 163.2600
1.4876, 163.2400
1.4836, 163.2100
1.4796, 163.1900
1.4756, 163.1700
1.4726, 163.1500
1.4687, 163.1300
1.4647, 163.1200
1.4607, 163.1000
1.4567, 163.0800
1.4527, 163.0700
1.4487, 163.0500
1.4447, 163.0300
1.4408, 163.0100
1.4368, 162.9900
1.4328, 162.9700
1.4298, 162.9500
1.4258, 162.9300
1.4218, 162.9100
1.4178, 162.8900
1.4139, 162.8800
1.4099, 162.8700
1.4059, 162.8600
1.4019, 162.8400
1.3979, 162.8300
1.3939, 162.8200
1.3899, 162.8100
1.3870, 162.8000
1.3830, 162.7900
1.3790, 162.7700
1.3750, 162.7600
1.3710, 162.7400
1.3670, 162.7200
1.3630, 162.7000
1.3591, 162.6800
1.3551, 162.6600
1.3511, 162.6300
1.3481, 162.6100
1.3441, 162.5900
1.3401, 162.5600
1.3361, 162.5400
1.3322, 162.5100
1.3282, 162.4900
1.3242, 162.4600
1.3202, 162.4400
1.3162, 162.4100
1.3122, 162.3900
1.3082, 162.3600
1.3053, 162.3300
1.3013, 162.3000
1.2973, 162.2900
1.2933, 162.2700
1.2893, 162.2400
1.2853, 162.2200
1.2813, 162.2000
1.2774, 162.1700
1.2734, 162.1500
1.2694, 162.1300
1.2654, 162.1000
1.2624, 162.0800
1.2584, 162.0600
1.2544, 162.0300
1.2505, 162.0100
1.2465, 161.9900
1.2425, 161.9700
1.2385, 161.9400
1.2345, 161.9200
1.2305, 161.9000
1.2265, 161.8800
1.2236, 161.8500
1.2196, 161.8300
1.2156, 161.8100
1.2116, 161.7900
1.2076, 161.7700
1.2036, 161.7400