2.208, 1.1696e+03
2.204, 1.1697e+03
2.200, 1.1697e+03
2.196, 1.1697e+03
2.192, 1.1697e+03
2.188, 1.1697e+03
2.185, 1.1697e+03
2.181, 1.1697e+03
2.177, 1.1697e+03
2.173, 1.1697e+03
2.169, 1.1697e+03
2.165, 1.1697e+03
2.161, 1.1697e+03
2.157, 1.1697e+03
2.153, 1.1697e+03
2.149, 1.1697e+03
2.146, 1.1697e+03
2.142, 1.1697e+03
2.138, 1.1697e+03
2.134, 1.1697e+03
2.130, 1.1696e+03
2.126, 1.1696e+03
2.122, 1.1696e+03
2.118, 1.1696e+03
2.114, 1.1696e+03
2.110, 1.1696e+03
2.106, 1.1695e+03
2.103, 1.1695e+03
2.099, 1.1695e+03
2.095, 1.1695e+03
2.091, 1.1694e+03
2.087, 1.1694e+03
2.083, 1.1694e+03
2.079, 1.1694e+03
2.075, 1.1693e+03
2.071, 1.1693e+03
2.067, 1.1692e+03
2.063, 1.1692e+03
2.060, 1.1691e+03
2.056, 1.1691e+03
2.052, 1.1690e+03
2.048, 1.1690e+03
2.044, 1.1689e+03
2.040, 1.1689e+03
2.036, 1.1689e+03
2.032, 1.1689e+03
2.028, 1.1688e+03
2.024, 1.1688e+03
2.021, 1.1688e+03
2.017, 1.1688e+03
2.013, 1.1687e+03
2.009, 1.1687e+03
2.005, 1.1687e+03
2.001, 1.1686e+03
1.997, 1.1686e+03
1.993, 1.1686e+03
1.989, 1.1686e+03
1.985, 1.1686e+03
1.981, 1.1686e+03
1.978, 1.1686e+03
1.974, 1.1686e+03
1.970, 1.1686e+03
1.966, 1.1686e+03
1.962, 1.1686e+03
1.958, 1.1686e+03
1.954, 1.1686e+03
1.950, 1.1686e+03
1.946, 1.1686e+03
1.942, 1.1686e+03
1.938, 1.1686e+03
1.935, 1.1686e+03
1.931, 1.1686e+03
1.927, 1.1686e+03
1.923, 1.1686e+03
1.919, 1.1686e+03
1.915, 1.1686e+03
1.911, 1.1686e+03
1.907, 1.1686e+03
1.903, 1.1686e+03
1.899, 1.1686e+03
1.896, 1.1686e+03
1.892, 1.1686e+03
1.888, 1.1686e+03
1.884, 1.1686e+03
1.880, 1.1686e+03
1.876, 1.1686e+03
1.872, 1.1686e+03
1.868, 1.1687e+03
1.864, 1.1687e+03
1.860, 1.1687e+03
1.856, 1.1687e+03
1.853, 1.1687e+03
1.849, 1.1687e+03
1.845, 1.1687e+03
1.841, 1.1687e+03
1.837, 1.1687e+03
1.833, 1.1687e+03
1.829, 1.1687e+03
1.825, 1.1687e+03
1.821, 1.1687e+03
1.817, 1.1687e+03
1.813, 1.1687e+03
1.810, 1.1687e+03
1.806, 1.1687e+03
1.802, 1.1687e+03
1.798, 1.1687e+03
1.794, 1.1687e+03
1.790, 1.1686e+03
1.786, 1.1686e+03
1.782, 1.1686e+03
1.778, 1.1686e+03
1.774, 1.1686e+03
1.771, 1.1686e+03
1.767, 1.1686e+03
1.763, 1.1686e+03
1.759, 1.1687e+03
1.755, 1.1687e+03
1.751, 1.1686e+03
1.747, 1.1686e+03
1.743, 1.1686e+03
1.739, 1.1686e+03
1.735, 1.1686e+03
1.731, 1.1686e+03
1.728, 1.1686e+03
1.724, 1.1686e+03
1.720, 1.1686e+03
1.716, 1.1686e+03
1.712, 1.1687e+03
1.708, 1.1687e+03
1.704, 1.1687e+03
1.700, 1.1687e+03
1.696, 1.1687e+03
1.692, 1.1687e+03
1.688, 1.1687e+03
1.685, 1.1687e+03
1.681, 1.1687e+03
1.677, 1.1687e+03
1.673, 1.1687e+03
1.669, 1.1687e+03
1.665, 1.1687e+03
1.661, 1.1687e+03
1.657, 1.1687e+03
1.653, 1.1687e+03
1.649, 1.1687e+03
1.646, 1.1687e+03
1.642, 1.1687e+03
1.638, 1.1687e+03
1.634, 1.1687e+03
1.630, 1.1687e+03
1.626, 1.1687e+03
1.622, 1.1687e+03
1.618, 1.1686e+03
1.614, 1.1686e+03
1.610, 1.1686e+03
1.606, 1.1686e+03
1.603, 1.1686e+03
1.599, 1.1686e+03
1.595, 1.1686e+03
1.591, 1.1686e+03
1.587, 1.1687e+03
1.583, 1.1687e+03
1.579, 1.1687e+03
1.575, 1.1687e+03
1.571, 1.1687e+03
1.567, 1.1687e+03
1.563, 1.1686e+03
1.560, 1.1686e+03
1.556, 1.1686e+03
1.552, 1.1686e+03
1.548, 1.1686e+03
1.544, 1.1686e+03
1.540, 1.1686e+03
1.536, 1.1686e+03
1.532, 1.1686e+03
1.528, 1.1686e+03
1.524, 1.1687e+03
1.521, 1.1687e+03
1.517, 1.1687e+03
1.513, 1.1687e+03
1.509, 1.1687e+03
1.505, 1.1687e+03
1.501, 1.1687e+03
1.497, 1.1686e+03
1.493, 1.1686e+03
1.489, 1.1686e+03
1.485, 1.1686e+03
1.481, 1.1686e+03
1.478, 1.1686e+03
1.474, 1.1686e+03
1.470, 1.1686e+03
1.466, 1.1686e+03
1.462, 1.1686e+03
1.458, 1.1686e+03
1.454, 1.1686e+03
1.450, 1.1686e+03
1.446, 1.1686e+03
1.442, 1.1686e+03
1.438, 1.1686e+03
1.435, 1.1686e+03
1.431, 1.1686e+03
1.427, 1.1686e+03
1.423, 1.1686e+03
1.419, 1.1686e+03
1.415, 1.1686e+03
1.411, 1.1686e+03
1.407, 1.1687e+03
1.403, 1.1687e+03
1.399, 1.1687e+03
1.395, 1.1687e+03
1.392, 1.1687e+03
1.388, 1.1687e+03
1.384, 1.1687e+03
1.380, 1.1687e+03
1.376, 1.1687e+03
1.372, 1.1687e+03
1.368, 1.1687e+03
1.364, 1.1687e+03
1.360, 1.1686e+03
1.356, 1.1686e+03
1.353, 1.1686e+03
1.349, 1.1685e+03
1.345, 1.1685e+03
1.341, 1.1684e+03
1.337, 1.1684e+03
1.333, 1.1683e+03
1.329, 1.1683e+03
1.325, 1.1682e+03
1.321, 1.1682e+03
1.317, 1.1681e+03
1.313, 1.1681e+03
1.310, 1.1680e+03
1.306, 1.1680e+03
1.302, 1.1679e+03
1.298, 1.1679e+03
1.294, 1.1679e+03
1.290, 1.1678e+03
1.286, 1.1678e+03
1.282, 1.1678e+03
1.278, 1.1677e+03
1.274, 1.1677e+03
1.270, 1.1676e+03
1.267, 1.1676e+03
1.263, 1.1676e+03
1.259, 1.1675e+03
1.255, 1.1675e+03
1.251, 1.1675e+03
1.247, 1.1674e+03
1.243, 1.1674e+03
1.239, 1.1674e+03
1.235, 1.1674e+03
1.231, 1.1673e+03
1.228, 1.1673e+03
1.224, 1.1673e+03
1.220, 1.1672e+03
1.216, 1.1672e+03
1.212, 1.1672e+03
1.208, 1.1671e+03