2.2000, 1169.6000
2.1960, 1169.7000
2.1920, 1169.7000
2.1880, 1169.7000
2.1841, 1169.7000
2.1801, 1169.7000
2.1771, 1169.7000
2.1731, 1169.7000
2.1691, 1169.7000
2.1651, 1169.7000
2.1611, 1169.7000
2.1572, 1169.7000
2.1532, 1169.7000
2.1492, 1169.7000
2.1452, 1169.7000
2.1412, 1169.7000
2.1382, 1169.7000
2.1342, 1169.7000
2.1303, 1169.7000
2.1263, 1169.7000
2.1223, 1169.6000
2.1183, 1169.6000
2.1143, 1169.6000
2.1103, 1169.6000
2.1063, 1169.6000
2.1024, 1169.6000
2.0984, 1169.5000
2.0954, 1169.5000
2.0914, 1169.5000
2.0874, 1169.5000
2.0834, 1169.4000
2.0794, 1169.4000
2.0755, 1169.4000
2.0715, 1169.4000
2.0675, 1169.3000
2.0635, 1169.3000
2.0595, 1169.2000
2.0555, 1169.2000
2.0525, 1169.1000
2.0486, 1169.1000
2.0446, 1169.0000
2.0406, 1169.0000
2.0366, 1168.9000
2.0326, 1168.9000
2.0286, 1168.9000
2.0246, 1168.9000
2.0207, 1168.8000
2.0167, 1168.8000
2.0137, 1168.8000
2.0097, 1168.8000
2.0057, 1168.7000
2.0017, 1168.7000
1.9977, 1168.7000
1.9937, 1168.6000
1.9898, 1168.6000
1.9858, 1168.6000
1.9818, 1168.6000
1.9778, 1168.6000
1.9738, 1168.6000
1.9708, 1168.6000
1.9668, 1168.6000
1.9629, 1168.6000
1.9589, 1168.6000
1.9549, 1168.6000
1.9509, 1168.6000
1.9469, 1168.6000
1.9429, 1168.6000
1.9389, 1168.6000
1.9350, 1168.6000
1.9310, 1168.6000
1.9280, 1168.6000
1.9240, 1168.6000
1.9200, 1168.6000
1.9160, 1168.6000
1.9120, 1168.6000
1.9081, 1168.6000
1.9041, 1168.6000
1.9001, 1168.6000
1.8961, 1168.6000
1.8921, 1168.6000
1.8891, 1168.6000
1.8851, 1168.6000
1.8812, 1168.6000
1.8772, 1168.6000
1.8732, 1168.6000
1.8692, 1168.6000
1.8652, 1168.6000
1.8612, 1168.7000
1.8572, 1168.7000
1.8533, 1168.7000
1.8493, 1168.7000
1.8463, 1168.7000
1.8423, 1168.7000
1.8383, 1168.7000
1.8343, 1168.7000
1.8303, 1168.7000
1.8264, 1168.7000
1.8224, 1168.7000
1.8184, 1168.7000
1.8144, 1168.7000
1.8104, 1168.7000
1.8064, 1168.7000
1.8034, 1168.7000
1.7995, 1168.7000
1.7955, 1168.7000
1.7915, 1168.7000
1.7875, 1168.7000
1.7835, 1168.6000
1.7795, 1168.6000
1.7755, 1168.6000
1.7716, 1168.6000
1.7676, 1168.6000
1.7646, 1168.6000
1.7606, 1168.6000
1.7566, 1168.6000
1.7526, 1168.7000
1.7486, 1168.7000
1.7447, 1168.6000
1.7407, 1168.6000
1.7367, 1168.6000
1.7327, 1168.6000
1.7287, 1168.6000
1.7247, 1168.6000
1.7217, 1168.6000
1.7178, 1168.6000
1.7138, 1168.6000
1.7098, 1168.6000
1.7058, 1168.7000
1.7018, 1168.7000
1.6978, 1168.7000
1.6938, 1168.7000
1.6899, 1168.7000
1.6859, 1168.7000
1.6819, 1168.7000
1.6789, 1168.7000
1.6749, 1168.7000
1.6709, 1168.7000
1.6669, 1168.7000
1.6630, 1168.7000
1.6590, 1168.7000
1.6550, 1168.7000
1.6510, 1168.7000
1.6470, 1168.7000
1.6430, 1168.7000
1.6400, 1168.7000
1.6361, 1168.7000
1.6321, 1168.7000
1.6281, 1168.7000
1.6241, 1168.7000
1.6201, 1168.7000
1.6161, 1168.7000
1.6121, 1168.6000
1.6082, 1168.6000
1.6042, 1168.6000
1.6002, 1168.6000
1.5972, 1168.6000
1.5932, 1168.6000
1.5892, 1168.6000
1.5852, 1168.6000
1.5812, 1168.7000
1.5773, 1168.7000
1.5733, 1168.7000
1.5693, 1168.7000
1.5653, 1168.7000
1.5613, 1168.7000
1.5573, 1168.6000
1.5543, 1168.6000
1.5504, 1168.6000
1.5464, 1168.6000
1.5424, 1168.6000
1.5384, 1168.6000
1.5344, 1168.6000
1.5304, 1168.6000
1.5264, 1168.6000
1.5225, 1168.6000
1.5185, 1168.7000
1.5155, 1168.7000
1.5115, 1168.7000
1.5075, 1168.7000
1.5035, 1168.7000
1.4995, 1168.7000
1.4956, 1168.7000
1.4916, 1168.6000
1.4876, 1168.6000
1.4836, 1168.6000
1.4796, 1168.6000
1.4756, 1168.6000
1.4726, 1168.6000
1.4687, 1168.6000
1.4647, 1168.6000
1.4607, 1168.6000
1.4567, 1168.6000
1.4527, 1168.6000
1.4487, 1168.6000
1.4447, 1168.6000
1.4408, 1168.6000
1.4368, 1168.6000
1.4328, 1168.6000
1.4298, 1168.6000
1.4258, 1168.6000
1.4218, 1168.6000
1.4178, 1168.6000
1.4139, 1168.6000
1.4099, 1168.6000
1.4059, 1168.6000
1.4019, 1168.7000
1.3979, 1168.7000
1.3939, 1168.7000
1.3899, 1168.7000
1.3870, 1168.7000
1.3830, 1168.7000
1.3790, 1168.7000
1.3750, 1168.7000
1.3710, 1168.7000
1.3670, 1168.7000
1.3630, 1168.7000
1.3591, 1168.7000
1.3551, 1168.6000
1.3511, 1168.6000
1.3481, 1168.6000
1.3441, 1168.5000
1.3401, 1168.5000
1.3361, 1168.4000
1.3322, 1168.4000
1.3282, 1168.3000
1.3242, 1168.3000
1.3202, 1168.2000
1.3162, 1168.2000
1.3122, 1168.1000
1.3082, 1168.1000
1.3053, 1168.0000
1.3013, 1168.0000
1.2973, 1167.9000
1.2933, 1167.9000
1.2893, 1167.9000
1.2853, 1167.8000
1.2813, 1167.8000
1.2774, 1167.8000
1.2734, 1167.7000
1.2694, 1167.7000
1.2654, 1167.6000
1.2624, 1167.6000
1.2584, 1167.6000
1.2544, 1167.5000
1.2505, 1167.5000
1.2465, 1167.5000
1.2425, 1167.4000
1.2385, 1167.4000
1.2345, 1167.4000
1.2305, 1167.4000
1.2265, 1167.3000
1.2236, 1167.3000
1.2196, 1167.3000
1.2156, 1167.2000
1.2116, 1167.2000
1.2076, 1167.2000
1.2036, 1167.1000