2.2000, -0.0000
2.1960, 11289.0000
2.1920, 22578.0000
2.1880, 33867.0000
2.1841, 45156.0000
2.1801, 56445.0000
2.1771, 67734.0000
2.1731, 79023.0000
2.1691, 90312.0000
2.1651, 101600.0000
2.1611, 112890.0000
2.1572, 124180.0000
2.1532, 135470.0000
2.1492, 146760.0000
2.1452, 158050.0000
2.1412, 169340.0000
2.1382, 180620.0000
2.1342, 191910.0000
2.1303, 203200.0000
2.1263, 214490.0000
2.1223, 225780.0000
2.1183, 237070.0000
2.1143, 248360.0000
2.1103, 259650.0000
2.1063, 270940.0000
2.1024, 287870.0000
2.0984, 299160.0000
2.0954, 310450.0000
2.0914, 321740.0000
2.0874, 333030.0000
2.0834, 344320.0000
2.0794, 355610.0000
2.0755, 366890.0000
2.0715, 378180.0000
2.0675, 389470.0000
2.0635, 400760.0000
2.0595, 412050.0000
2.0555, 423340.0000
2.0525, 434630.0000
2.0486, 445920.0000
2.0446, 457210.0000
2.0406, 468500.0000
2.0366, 479790.0000
2.0326, 491070.0000
2.0286, 502360.0000
2.0246, 513650.0000
2.0207, 524940.0000
2.0167, 536230.0000
2.0137, 547520.0000
2.0097, 558810.0000
2.0057, 570100.0000
2.0017, 581390.0000
1.9977, 592680.0000
1.9937, 603960.0000
1.9898, 615250.0000
1.9858, 626540.0000
1.9818, 637830.0000
1.9778, 649120.0000
1.9738, 660410.0000
1.9708, 671700.0000
1.9668, 682990.0000
1.9629, 694280.0000
1.9589, 705570.0000
1.9549, 716860.0000
1.9509, 728140.0000
1.9469, 739430.0000
1.9429, 750720.0000
1.9389, 762010.0000
1.9350, 773300.0000
1.9310, 784590.0000
1.9280, 795880.0000
1.9240, 807170.0000
1.9200, 818460.0000
1.9160, 829750.0000
1.9120, 841040.0000
1.9081, 852320.0000
1.9041, 863610.0000
1.9001, 874900.0000
1.8961, 886190.0000
1.8921, 897480.0000
1.8891, 908770.0000
1.8851, 920060.0000
1.8812, 931350.0000
1.8772, 942640.0000
1.8732, 953930.0000
1.8692, 965210.0000
1.8652, 976500.0000
1.8612, 987790.0000
1.8572, 999080.0000
1.8533, 1010400.0000
1.8493, 1021700.0000
1.8463, 1032900.0000
1.8423, 1044200.0000
1.8383, 1055500.0000
1.8343, 1066800.0000
1.8303, 1078100.0000
1.8264, 1089400.0000
1.8224, 1100700.0000
1.8184, 1112000.0000
1.8144, 1123300.0000
1.8104, 1134600.0000
1.8064, 1145800.0000
1.8034, 1157100.0000
1.7995, 1168400.0000
1.7955, 1179700.0000
1.7915, 1191000.0000
1.7875, 1202300.0000
1.7835, 1213600.0000
1.7795, 1224900.0000
1.7755, 1236200.0000
1.7716, 1247400.0000
1.7676, 1258700.0000
1.7646, 1270000.0000
1.7606, 1281300.0000
1.7566, 1292600.0000
1.7526, 1303900.0000
1.7486, 1315200.0000
1.7447, 1326500.0000
1.7407, 1337800.0000
1.7367, 1349000.0000
1.7327, 1360300.0000
1.7287, 1371600.0000
1.7247, 1382900.0000
1.7217, 1394200.0000
1.7178, 1405500.0000
1.7138, 1416800.0000
1.7098, 1428100.0000
1.7058, 1439400.0000
1.7018, 1450600.0000
1.6978, 1461900.0000
1.6938, 1473200.0000
1.6899, 1484500.0000
1.6859, 1495800.0000
1.6819, 1507100.0000
1.6789, 1518400.0000
1.6749, 1529700.0000
1.6709, 1541000.0000
1.6669, 1552200.0000
1.6630, 1563500.0000
1.6590, 1574800.0000
1.6550, 1586100.0000
1.6510, 1597400.0000
1.6470, 1608700.0000
1.6430, 1620000.0000
1.6400, 1631300.0000
1.6361, 1642600.0000
1.6321, 1653800.0000
1.6281, 1665100.0000
1.6241, 1676400.0000
1.6201, 1687700.0000
1.6161, 1699000.0000
1.6121, 1710300.0000
1.6082, 1721600.0000
1.6042, 1732900.0000
1.6002, 1744200.0000
1.5972, 1755400.0000
1.5932, 1766700.0000
1.5892, 1778000.0000
1.5852, 1789300.0000
1.5812, 1800600.0000
1.5773, 1811900.0000
1.5733, 1823200.0000
1.5693, 1834500.0000
1.5653, 1845800.0000
1.5613, 1857100.0000
1.5573, 1868300.0000
1.5543, 1879600.0000
1.5504, 1890900.0000
1.5464, 1902200.0000
1.5424, 1913500.0000
1.5384, 1924800.0000
1.5344, 1936100.0000
1.5304, 1947400.0000
1.5264, 1958700.0000
1.5225, 1969900.0000
1.5185, 1981200.0000
1.5155, 1992500.0000
1.5115, 2003800.0000
1.5075, 2015100.0000
1.5035, 2026400.0000
1.4995, 2037700.0000
1.4956, 2049000.0000
1.4916, 2060300.0000
1.4876, 2071500.0000
1.4836, 2082800.0000
1.4796, 2094100.0000
1.4756, 2105400.0000
1.4726, 2116700.0000
1.4687, 2128000.0000
1.4647, 2139300.0000
1.4607, 2150600.0000
1.4567, 2161900.0000
1.4527, 2173100.0000
1.4487, 2184400.0000
1.4447, 2195700.0000
1.4408, 2207000.0000
1.4368, 2218300.0000
1.4328, 2229600.0000
1.4298, 2240900.0000
1.4258, 2252200.0000
1.4218, 2263500.0000
1.4178, 2274700.0000
1.4139, 2286000.0000
1.4099, 2297300.0000
1.4059, 2308600.0000
1.4019, 2319900.0000
1.3979, 2331200.0000
1.3939, 2342500.0000
1.3899, 2353800.0000
1.3870, 2365100.0000
1.3830, 2376300.0000
1.3790, 2387600.0000
1.3750, 2398900.0000
1.3710, 2410200.0000
1.3670, 2421500.0000
1.3630, 2432800.0000
1.3591, 2444100.0000
1.3551, 2455400.0000
1.3511, 2466700.0000
1.3481, 2477900.0000
1.3441, 2489200.0000
1.3401, 2500500.0000
1.3361, 2511800.0000
1.3322, 2523100.0000
1.3282, 2534400.0000
1.3242, 2545700.0000
1.3202, 2557000.0000
1.3162, 2568300.0000
1.3122, 2579600.0000
1.3082, 2590800.0000
1.3053, 2602100.0000
1.3013, 2613400.0000
1.2973, 2619100.0000
1.2933, 2630400.0000
1.2893, 2641600.0000
1.2853, 2652900.0000
1.2813, 2664200.0000
1.2774, 2675500.0000
1.2734, 2686800.0000
1.2694, 2698100.0000
1.2654, 2709400.0000
1.2624, 2720700.0000
1.2584, 2732000.0000
1.2544, 2743200.0000
1.2505, 2754500.0000
1.2465, 2765800.0000
1.2425, 2777100.0000
1.2385, 2788400.0000
1.2345, 2799700.0000
1.2305, 2811000.0000
1.2265, 2822300.0000
1.2236, 2833600.0000
1.2196, 2844800.0000
1.2156, 2856100.0000
1.2116, 2867400.0000
1.2076, 2878700.0000
1.2036, 2890000.0000