2.208, -3.0477e-12
2.204, 1.1289e+04
2.200, 2.2578e+04
2.196, 3.3867e+04
2.192, 4.5156e+04
2.188, 5.6445e+04
2.185, 6.7734e+04
2.181, 7.9023e+04
2.177, 9.0312e+04
2.173, 1.0160e+05
2.169, 1.1289e+05
2.165, 1.2418e+05
2.161, 1.3547e+05
2.157, 1.4676e+05
2.153, 1.5805e+05
2.149, 1.6934e+05
2.146, 1.8062e+05
2.142, 1.9191e+05
2.138, 2.0320e+05
2.134, 2.1449e+05
2.130, 2.2578e+05
2.126, 2.3707e+05
2.122, 2.4836e+05
2.118, 2.5965e+05
2.114, 2.7094e+05
2.110, 2.8787e+05
2.106, 2.9916e+05
2.103, 3.1045e+05
2.099, 3.2174e+05
2.095, 3.3303e+05
2.091, 3.4432e+05
2.087, 3.5561e+05
2.083, 3.6689e+05
2.079, 3.7818e+05
2.075, 3.8947e+05
2.071, 4.0076e+05
2.067, 4.1205e+05
2.063, 4.2334e+05
2.060, 4.3463e+05
2.056, 4.4592e+05
2.052, 4.5721e+05
2.048, 4.6850e+05
2.044, 4.7979e+05
2.040, 4.9107e+05
2.036, 5.0236e+05
2.032, 5.1365e+05
2.028, 5.2494e+05
2.024, 5.3623e+05
2.021, 5.4752e+05
2.017, 5.5881e+05
2.013, 5.7010e+05
2.009, 5.8139e+05
2.005, 5.9268e+05
2.001, 6.0396e+05
1.997, 6.1525e+05
1.993, 6.2654e+05
1.989, 6.3783e+05
1.985, 6.4912e+05
1.981, 6.6041e+05
1.978, 6.7170e+05
1.974, 6.8299e+05
1.970, 6.9428e+05
1.966, 7.0557e+05
1.962, 7.1686e+05
1.958, 7.2814e+05
1.954, 7.3943e+05
1.950, 7.5072e+05
1.946, 7.6201e+05
1.942, 7.7330e+05
1.938, 7.8459e+05
1.935, 7.9588e+05
1.931, 8.0717e+05
1.927, 8.1846e+05
1.923, 8.2975e+05
1.919, 8.4104e+05
1.915, 8.5232e+05
1.911, 8.6361e+05
1.907, 8.7490e+05
1.903, 8.8619e+05
1.899, 8.9748e+05
1.896, 9.0877e+05
1.892, 9.2006e+05
1.888, 9.3135e+05
1.884, 9.4264e+05
1.880, 9.5393e+05
1.876, 9.6521e+05
1.872, 9.7650e+05
1.868, 9.8779e+05
1.864, 9.9908e+05
1.860, 1.0104e+06
1.856, 1.0217e+06
1.853, 1.0329e+06
1.849, 1.0442e+06
1.845, 1.0555e+06
1.841, 1.0668e+06
1.837, 1.0781e+06
1.833, 1.0894e+06
1.829, 1.1007e+06
1.825, 1.1120e+06
1.821, 1.1233e+06
1.817, 1.1346e+06
1.813, 1.1458e+06
1.810, 1.1571e+06
1.806, 1.1684e+06
1.802, 1.1797e+06
1.798, 1.1910e+06
1.794, 1.2023e+06
1.790, 1.2136e+06
1.786, 1.2249e+06
1.782, 1.2362e+06
1.778, 1.2474e+06
1.774, 1.2587e+06
1.771, 1.2700e+06
1.767, 1.2813e+06
1.763, 1.2926e+06
1.759, 1.3039e+06
1.755, 1.3152e+06
1.751, 1.3265e+06
1.747, 1.3378e+06
1.743, 1.3490e+06
1.739, 1.3603e+06
1.735, 1.3716e+06
1.731, 1.3829e+06
1.728, 1.3942e+06
1.724, 1.4055e+06
1.720, 1.4168e+06
1.716, 1.4281e+06
1.712, 1.4394e+06
1.708, 1.4506e+06
1.704, 1.4619e+06
1.700, 1.4732e+06
1.696, 1.4845e+06
1.692, 1.4958e+06
1.688, 1.5071e+06
1.685, 1.5184e+06
1.681, 1.5297e+06
1.677, 1.5410e+06
1.673, 1.5522e+06
1.669, 1.5635e+06
1.665, 1.5748e+06
1.661, 1.5861e+06
1.657, 1.5974e+06
1.653, 1.6087e+06
1.649, 1.6200e+06
1.646, 1.6313e+06
1.642, 1.6426e+06
1.638, 1.6538e+06
1.634, 1.6651e+06
1.630, 1.6764e+06
1.626, 1.6877e+06
1.622, 1.6990e+06
1.618, 1.7103e+06
1.614, 1.7216e+06
1.610, 1.7329e+06
1.606, 1.7442e+06
1.603, 1.7554e+06
1.599, 1.7667e+06
1.595, 1.7780e+06
1.591, 1.7893e+06
1.587, 1.8006e+06
1.583, 1.8119e+06
1.579, 1.8232e+06
1.575, 1.8345e+06
1.571, 1.8458e+06
1.567, 1.8571e+06
1.563, 1.8683e+06
1.560, 1.8796e+06
1.556, 1.8909e+06
1.552, 1.9022e+06
1.548, 1.9135e+06
1.544, 1.9248e+06
1.540, 1.9361e+06
1.536, 1.9474e+06
1.532, 1.9587e+06
1.528, 1.9699e+06
1.524, 1.9812e+06
1.521, 1.9925e+06
1.517, 2.0038e+06
1.513, 2.0151e+06
1.509, 2.0264e+06
1.505, 2.0377e+06
1.501, 2.0490e+06
1.497, 2.0603e+06
1.493, 2.0715e+06
1.489, 2.0828e+06
1.485, 2.0941e+06
1.481, 2.1054e+06
1.478, 2.1167e+06
1.474, 2.1280e+06
1.470, 2.1393e+06
1.466, 2.1506e+06
1.462, 2.1619e+06
1.458, 2.1731e+06
1.454, 2.1844e+06
1.450, 2.1957e+06
1.446, 2.2070e+06
1.442, 2.2183e+06
1.438, 2.2296e+06
1.435, 2.2409e+06
1.431, 2.2522e+06
1.427, 2.2635e+06
1.423, 2.2747e+06
1.419, 2.2860e+06
1.415, 2.2973e+06
1.411, 2.3086e+06
1.407, 2.3199e+06
1.403, 2.3312e+06
1.399, 2.3425e+06
1.395, 2.3538e+06
1.392, 2.3651e+06
1.388, 2.3763e+06
1.384, 2.3876e+06
1.380, 2.3989e+06
1.376, 2.4102e+06
1.372, 2.4215e+06
1.368, 2.4328e+06
1.364, 2.4441e+06
1.360, 2.4554e+06
1.356, 2.4667e+06
1.353, 2.4779e+06
1.349, 2.4892e+06
1.345, 2.5005e+06
1.341, 2.5118e+06
1.337, 2.5231e+06
1.333, 2.5344e+06
1.329, 2.5457e+06
1.325, 2.5570e+06
1.321, 2.5683e+06
1.317, 2.5796e+06
1.313, 2.5908e+06
1.310, 2.6021e+06
1.306, 2.6134e+06
1.302, 2.6191e+06
1.298, 2.6304e+06
1.294, 2.6416e+06
1.290, 2.6529e+06
1.286, 2.6642e+06
1.282, 2.6755e+06
1.278, 2.6868e+06
1.274, 2.6981e+06
1.270, 2.7094e+06
1.267, 2.7207e+06
1.263, 2.7320e+06
1.259, 2.7432e+06
1.255, 2.7545e+06
1.251, 2.7658e+06
1.247, 2.7771e+06
1.243, 2.7884e+06
1.239, 2.7997e+06
1.235, 2.8110e+06
1.231, 2.8223e+06
1.228, 2.8336e+06
1.224, 2.8448e+06
1.220, 2.8561e+06
1.216, 2.8674e+06
1.212, 2.8787e+06
1.208, 2.8900e+06