2.208, 1.0102e+00
2.204, 1.0046e+00
2.200, 9.9925e-01
2.196, 9.9411e-01
2.192, 9.8921e-01
2.188, 9.8454e-01
2.185, 9.8012e-01
2.181, 9.7593e-01
2.177, 9.7198e-01
2.173, 9.6828e-01
2.169, 9.6480e-01
2.165, 9.6157e-01
2.161, 9.5858e-01
2.157, 9.5582e-01
2.153, 9.5331e-01
2.149, 9.5103e-01
2.146, 9.4899e-01
2.142, 9.4719e-01
2.138, 9.4562e-01
2.134, 9.4430e-01
2.130, 9.4321e-01
2.126, 9.4236e-01
2.122, 9.4176e-01
2.118, 9.4139e-01
2.114, 9.4125e-01
2.110, 9.4232e-01
2.106, 9.4344e-01
2.103, 9.4528e-01
2.099, 9.4755e-01
2.095, 9.4956e-01
2.091, 9.5111e-01
2.087, 9.5261e-01
2.083, 9.5426e-01
2.079, 9.5594e-01
2.075, 9.5424e-01
2.071, 9.4714e-01
2.067, 9.4176e-01
2.063, 9.3813e-01
2.060, 9.3605e-01
2.056, 9.3565e-01
2.052, 9.3644e-01
2.048, 9.3873e-01
2.044, 9.4316e-01
2.040, 9.4952e-01
2.036, 9.5767e-01
2.032, 9.6743e-01
2.028, 9.7863e-01
2.024, 9.9110e-01
2.021, 1.0047e+00
2.017, 1.0193e+00
2.013, 1.0346e+00
2.009, 1.0506e+00
2.005, 1.0672e+00
2.001, 1.0840e+00
1.997, 1.1011e+00
1.993, 1.1196e+00
1.989, 1.1382e+00
1.985, 1.1573e+00
1.981, 1.1763e+00
1.978, 1.1949e+00
1.974, 1.2129e+00
1.970, 1.2327e+00
1.966, 1.2538e+00
1.962, 1.2748e+00
1.958, 1.2955e+00
1.954, 1.3158e+00
1.950, 1.3355e+00
1.946, 1.3546e+00
1.942, 1.3729e+00
1.938, 1.3904e+00
1.935, 1.4068e+00
1.931, 1.4215e+00
1.927, 1.4341e+00
1.923, 1.4450e+00
1.919, 1.4541e+00
1.915, 1.4613e+00
1.911, 1.4664e+00
1.907, 1.4692e+00
1.903, 1.4699e+00
1.899, 1.4683e+00
1.896, 1.4646e+00
1.892, 1.4587e+00
1.888, 1.4505e+00
1.884, 1.4398e+00
1.880, 1.4309e+00
1.876, 1.4277e+00
1.872, 1.4245e+00
1.868, 1.4211e+00
1.864, 1.4180e+00
1.860, 1.4150e+00
1.856, 1.4128e+00
1.853, 1.4112e+00
1.849, 1.4096e+00
1.845, 1.4080e+00
1.841, 1.4064e+00
1.837, 1.4049e+00
1.833, 1.4033e+00
1.829, 1.4018e+00
1.825, 1.4002e+00
1.821, 1.3987e+00
1.817, 1.3972e+00
1.813, 1.3958e+00
1.810, 1.3943e+00
1.806, 1.3928e+00
1.802, 1.3914e+00
1.798, 1.3899e+00
1.794, 1.3885e+00
1.790, 1.3870e+00
1.786, 1.3856e+00
1.782, 1.3842e+00
1.778, 1.3828e+00
1.774, 1.3814e+00
1.771, 1.3800e+00
1.767, 1.3787e+00
1.763, 1.3773e+00
1.759, 1.3760e+00
1.755, 1.3747e+00
1.751, 1.3733e+00
1.747, 1.3720e+00
1.743, 1.3707e+00
1.739, 1.3693e+00
1.735, 1.3680e+00
1.731, 1.3667e+00
1.728, 1.3655e+00
1.724, 1.3642e+00
1.720, 1.3630e+00
1.716, 1.3617e+00
1.712, 1.3605e+00
1.708, 1.3593e+00
1.704, 1.3581e+00
1.700, 1.3569e+00
1.696, 1.3557e+00
1.692, 1.3545e+00
1.688, 1.3533e+00
1.685, 1.3521e+00
1.681, 1.3509e+00
1.677, 1.3497e+00
1.673, 1.3485e+00
1.669, 1.3473e+00
1.665, 1.3461e+00
1.661, 1.3450e+00
1.657, 1.3438e+00
1.653, 1.3427e+00
1.649, 1.3416e+00
1.646, 1.3404e+00
1.642, 1.3393e+00
1.638, 1.3382e+00
1.634, 1.3371e+00
1.630, 1.3360e+00
1.626, 1.3349e+00
1.622, 1.3337e+00
1.618, 1.3326e+00
1.614, 1.3315e+00
1.610, 1.3304e+00
1.606, 1.3294e+00
1.603, 1.3283e+00
1.599, 1.3273e+00
1.595, 1.3262e+00
1.591, 1.3252e+00
1.587, 1.3242e+00
1.583, 1.3231e+00
1.579, 1.3221e+00
1.575, 1.3211e+00
1.571, 1.3200e+00
1.567, 1.3190e+00
1.563, 1.3180e+00
1.560, 1.3170e+00
1.556, 1.3160e+00
1.552, 1.3150e+00
1.548, 1.3140e+00
1.544, 1.3130e+00
1.540, 1.3120e+00
1.536, 1.3111e+00
1.532, 1.3101e+00
1.528, 1.3091e+00
1.524, 1.3082e+00
1.521, 1.3072e+00
1.517, 1.3063e+00
1.513, 1.3053e+00
1.509, 1.3044e+00
1.505, 1.3034e+00
1.501, 1.3025e+00
1.497, 1.3015e+00
1.493, 1.3006e+00
1.489, 1.2996e+00
1.485, 1.2987e+00
1.481, 1.2978e+00
1.478, 1.2969e+00
1.474, 1.2960e+00
1.470, 1.2951e+00
1.466, 1.2942e+00
1.462, 1.2933e+00
1.458, 1.2924e+00
1.454, 1.2915e+00
1.450, 1.2906e+00
1.446, 1.2898e+00
1.442, 1.2889e+00
1.438, 1.2880e+00
1.435, 1.2871e+00
1.431, 1.2862e+00
1.427, 1.2854e+00
1.423, 1.2845e+00
1.419, 1.2838e+00
1.415, 1.2830e+00
1.411, 1.2824e+00
1.407, 1.2817e+00
1.403, 1.2811e+00
1.399, 1.2804e+00
1.395, 1.2797e+00
1.392, 1.2789e+00
1.388, 1.2782e+00
1.384, 1.2773e+00
1.380, 1.2764e+00
1.376, 1.2755e+00
1.372, 1.2745e+00
1.368, 1.2734e+00
1.364, 1.2722e+00
1.360, 1.2710e+00
1.356, 1.2697e+00
1.353, 1.2684e+00
1.349, 1.2670e+00
1.345, 1.2655e+00
1.341, 1.2641e+00
1.337, 1.2625e+00
1.333, 1.2609e+00
1.329, 1.2593e+00
1.325, 1.2577e+00
1.321, 1.2560e+00
1.317, 1.2543e+00
1.313, 1.2526e+00
1.310, 1.2509e+00
1.306, 1.2491e+00
1.302, 1.2483e+00
1.298, 1.2468e+00
1.294, 1.2453e+00
1.290, 1.2438e+00
1.286, 1.2423e+00
1.282, 1.2408e+00
1.278, 1.2392e+00
1.274, 1.2377e+00
1.270, 1.2362e+00
1.267, 1.2346e+00
1.263, 1.2331e+00
1.259, 1.2315e+00
1.255, 1.2299e+00
1.251, 1.2284e+00
1.247, 1.2268e+00
1.243, 1.2252e+00
1.239, 1.2236e+00
1.235, 1.2220e+00
1.231, 1.2204e+00
1.228, 1.2188e+00
1.224, 1.2172e+00
1.220, 1.2156e+00
1.216, 1.2140e+00
1.212, 1.2124e+00
1.208, 1.2107e+00